1000:10001100 00000001 00000000 00000000      100011 00000 00001 00000 00000 000000
1004:10001100 00000010 00000000 00001100      100011 00000 00010 00000 00000 001100
1008:10001100 00000100 00000000 00000100      100011 00000 00100 00000 00000 000100
100c:00000000 00100010 00011000 00100000      000000 00001 00010 00011 00000 100000
1010:00000000 01100010 00010000 00100000      000000 00011 00010 00010 00000 100000
1014:00000000 01100001 00011000 00100000      000000 00011 00001 00011 00000 100000
1018:00010000 10000011 00000000 00000001      000100 00100 00011 00000 00000 000001
101c:00001000 00000000 00000000 00000100      000010 00000 00000 00000 00000 000100
1020:10101100 00000010 00000000 00001000      101011 00000 00010 00000 00000 001000
1024:00001000 00000000 00000000 00000000      000010 00000 00000 00000 00000 000000
