1000:00000010 00110010 10000000 00100000      000000 10001 10010 10000 00000 100000
1004:00000010 00110010 10000000 00100000      000000 10001 10010 10000 00000 100000
1008:00000010 00110010 10000000 00100000      000000 10001 10010 10000 00000 100000
100c:00000010 00110010 10000000 00100000      000000 10001 10010 10000 00000 100000
1010:00000010 00110010 10000000 00100000      000000 10001 10010 10000 00000 100000
1014:00000010 00110010 10000000 00100000      000000 10001 10010 10000 00000 100000
1018:10001101 01001000 00000000 01100100      100011 01010 01000 00000 00001 100100
101c:10001101 01001000 00000000 01100100      100011 01010 01000 00000 00001 100100
1020:10001101 01001000 00000000 01100100      100011 01010 01000 00000 00001 100100
1024:10000001 01001000 00000000 01100100      100000 01010 01000 00000 00001 100100
1028:10101101 01001000 00000000 01100100      101011 01010 01000 00000 00001 100100
102c:10000001 01001000 00000000 01100100      100000 01010 01000 00000 00001 100100
1030:10100001 01001000 00000000 01100100      101000 01010 01000 00000 00001 100100
1034:00000011 11100000 00000000 00001000      000000 11111 00000 00000 00000 001000
1038:00000011 11100000 00000000 00001000      000000 11111 00000 00000 00000 001000
103c:00000011 11100000 00000000 00001000      000000 11111 00000 00000 00000 001000
1040:00001000 00000000 00100111 00010000      000010 00000 00000 00100 11100 010000
1044:00001100 00000000 00000000 01100100      000011 00000 00000 00000 00001 100100
1048:00100000 01100010 00100111 00010000      001000 00011 00010 00100 11100 010000
104c:00000000 00001010 01001010 10000000      000000 00000 01010 01001 01010 000000
1050:00000000 00001010 01001010 10000010      000000 00000 01010 01001 01010 000010
1054:00000000 01100000 00010000 00100000      000000 00011 00000 00010 00000 100000
1058:00000000 10100110 00100000 00100010      000000 00101 00110 00100 00000 100010
105c:00000001 00001001 00111000 00100100      000000 01000 01001 00111 00000 100100
1060:00000001 01101100 01010000 00100101      000000 01011 01100 01010 00000 100101
1064:00000001 11001111 01101000 00100111      000000 01110 01111 01101 00000 100111
1068:00000010 00110010 10000000 00101010      000000 10001 10010 10000 00000 101010
106c:00000010 10010101 10011000 00100000      000000 10100 10101 10011 00000 100000
1070:00000010 11111000 10110000 00100010      000000 10111 11000 10110 00000 100010
1074:00000011 10011101 11001000 00100100      000000 11100 11101 11001 00000 100100
1078:00000011 11100000 11110000 00100101      000000 11111 00000 11110 00000 100101
107c:00000000 01100000 00010000 00100111      000000 00011 00000 00010 00000 100111
1080:00000000 10100110 00100000 00101010      000000 00101 00110 00100 00000 101010
1084:00000001 00001001 00111000 00100000      000000 01000 01001 00111 00000 100000
1088:00000001 01101100 01010000 00100010      000000 01011 01100 01010 00000 100010
108c:00000001 11001111 01101000 00100100      000000 01110 01111 01101 00000 100100
1090:00000010 00110010 10000000 00100101      000000 10001 10010 10000 00000 100101
1094:00000010 00110010 10000000 00100111      000000 10001 10010 10000 00000 100111
1098:00000010 11111000 10110000 00101010      000000 10111 11000 10110 00000 101010
109c:00000011 10011101 11001000 00100000      000000 11100 11101 11001 00000 100000
10a0:00000011 11100000 11110000 00100010      000000 11111 00000 11110 00000 100010
10a4:00000000 01100000 00010000 00100100      000000 00011 00000 00010 00000 100100
10a8:00000000 10100110 00100000 00100101      000000 00101 00110 00100 00000 100101
10ac:00000001 00001001 00111000 00100111      000000 01000 01001 00111 00000 100111
10b0:00000001 01101100 01010000 00101010      000000 01011 01100 01010 00000 101010
10b4:00110011 10011001 00000000 00000001      001100 11100 11001 00000 00000 000001
10b8:00110111 00010111 00000000 00000001      001101 11000 10111 00000 00000 000001
10bc:00000000 00010110 10101000 01000000      000000 00000 10110 10101 00001 000000
10c0:00000000 00010100 10011000 01000010      000000 00000 10100 10011 00001 000010
10c4:00010010 01010001 00000000 00000001      000100 10010 10001 00000 00000 000001
10c8:00010110 00001111 00000000 00000001      000101 10000 01111 00000 00000 000001
10cc:00100001 11001101 00000000 00000001      001000 01110 01101 00000 00000 000001
10d0:00110001 10001011 00000000 00001010      001100 01100 01011 00000 00000 001010
10d4:00110101 01001001 00000000 00001010      001101 01010 01001 00000 00000 001010
10d8:00000000 00001000 00111010 10000000      000000 00000 01000 00111 01010 000000
10dc:00000000 00000110 00101010 10000010      000000 00000 00110 00101 01010 000010
10e0:00010000 00000100 00000000 00001010      000100 00000 00100 00000 00000 001010
10e4:00010100 01100010 00000000 00001010      000101 00011 00010 00000 00000 001010
10e8:00100000 00011111 00000000 00001010      001000 00000 11111 00000 00000 001010
10ec:00110011 11011101 11111111 10011100      001100 11110 11101 11111 11110 011100
10f0:00110111 10011001 11111111 10011100      001101 11100 11001 11111 11110 011100
10f4:00000000 00011000 10111111 00000000      000000 00000 11000 10111 11100 000000
10f8:00000000 00010110 10101111 00000010      000000 00000 10110 10101 11100 000010
10fc:00010010 10010011 11111111 10011100      000100 10100 10011 11111 11110 011100
1100:00010110 01010001 11111111 10011100      000101 10010 10001 11111 11110 011100
1104:00100010 00001111 11111111 10011100      001000 10000 01111 11111 11110 011100
1108:00110001 11001101 00000011 11101000      001100 01110 01101 00000 01111 101000
110c:00110101 10001011 00000011 11101000      001101 01100 01011 00000 01111 101000
1110:00000000 00001010 01001010 00000000      000000 00000 01010 01001 01000 000000
1114:00000000 00001000 00111010 00000010      000000 00000 01000 00111 01000 000010
1118:00010000 11000101 00000011 11101000      000100 00110 00101 00000 01111 101000
111c:00010100 00000100 00000011 11101000      000101 00000 00100 00000 01111 101000
1120:00100000 01100010 00000011 11101000      001000 00011 00010 00000 01111 101000
1124:10101100 01100010 00000000 00001010      101011 00011 00010 00000 00000 001010
1128:10001100 00000100 00000000 00001010      100011 00000 00100 00000 00000 001010
112c:10000000 11000101 00000000 00001010      100000 00110 00101 00000 00000 001010
1130:10100001 00000111 00000000 00001010      101000 01000 00111 00000 00000 001010
1134:10101101 01001001 00000000 01100100      101011 01010 01001 00000 00001 100100
1138:10001101 10001011 00000000 01100100      100011 01100 01011 00000 00001 100100
113c:10000001 11001101 00000000 01100100      100000 01110 01101 00000 00001 100100
1140:10100010 00001111 00000000 01100100      101000 10000 01111 00000 00001 100100
1144:10101110 01010001 00000011 11101000      101011 10010 10001 00000 01111 101000
1148:10001110 10010011 00000011 11101000      100011 10100 10011 00000 01111 101000
114c:10000010 11010101 00000011 11101000      100000 10110 10101 00000 01111 101000
1150:10100011 00010111 00000011 11101000      101000 11000 10111 00000 01111 101000
1154:10101111 10011001 00000000 00000001      101011 11100 11001 00000 00000 000001
1158:10001111 11011101 00000000 00000001      100011 11110 11101 00000 00000 000001
115c:10000000 00011111 00000000 00000001      100000 00000 11111 00000 00000 000001
1160:10100000 01100010 00000000 00000001      101000 00011 00010 00000 00000 000001
1164:00000000 01000000 00000000 00001000      000000 00010 00000 00000 00000 001000
1168:00000010 00000000 00000000 00001000      000000 10000 00000 00000 00000 001000
116c:00000001 00000000 00000000 00001000      000000 01000 00000 00000 00000 001000
1170:00000000 00000000 00000000 00001000      000000 00000 00000 00000 00000 001000
1174:00001000 00000000 00000000 00000001      000010 00000 00000 00000 00000 000001
1178:00001100 00000000 00000000 00000010      000011 00000 00000 00000 00000 000010
117c:00001011 11111111 11111111 11111101      000010 11111 11111 11111 11111 111101
1180:00001111 11111111 11111111 11111100      000011 11111 11111 11111 11111 111100
1184:00001000 00000000 00000001 11110100      000010 00000 00000 00000 00111 110100
1188:00001100 00000000 00000010 01011000      000011 00000 00000 00000 01001 011000
118c:00001000 00000000 00000011 11101000      000010 00000 00000 00000 01111 101000
1190:00001111 11111111 11111100 00011000      000011 11111 11111 11111 10000 011000
